80 48 99 49 0
43 48 73 49 0
77 1 85 24 90370414
72 35 99 37 0
81 37 96 42 0
33 28 67 37 71002
84 44 94 49 0
44 33 64 37 0
97 23 99 49 0
63 46 75 48 0
10 2 15 28 1029738
90 27 90 46 0
30 9 66 11 29048168
50 8 66 22 49086791
89 14 90 23 15060077
70 21 85 50 1311363
43 5 56 37 52701857
93 5 100 20 23340761
83 12 83 17 6787240
61 13 65 24 5756170
14 45 48 45 0
13 27 33 49 586032
21 33 79 50 552006
92 27 94 28 0
46 2 52 49 46901847
15 14 72 46 38596203
35 29 43 41 71002
63 41 96 43 0
12 34 28 42 559639
40 5 100 45 306675093
57 43 91 50 0
34 21 100 35 8649956
53 6 99 13 109689312
27 45 71 46 0
79 7 89 36 106467861
30 5 72 27 99370416
85 23 92 24 0
74 39 91 47 0
8 44 52 44 517
84 38 88 38 0
60 32 62 45 0
16 17 81 41 41633450
46 14 78 26 56550196
80 41 89 44 0
100 40 100 49 0
6 44 91 46 2607
2 23 35 24 0
30 26 96 26 0
65 46 71 49 0
50 17 65 43 4737436
62 43 78 44 0
56 33 73 46 0
86 40 86 49 0
62 8 98 40 226976119
36 20 38 39 45036
16 48 25 48 0
1 46 78 49 5217
72 18 74 19 1496545
19 46 67 49 3557
5 4 10 22 0
31 3 90 3 0
5 16 16 26 0
50 8 91 10 43478481
79 19 94 34 2729775
2 26 91 46 700483
64 35 98 42 0
82 5 93 23 130184417
25 46 32 46 0
38 25 51 48 23740
99 21 99 49 0
75 10 100 25 168837122
65 19 66 19 160589
44 10 46 23 536457
1 41 78 47 14519
71 10 87 15 70206189
63 22 63 26 12640
51 1 55 1 0
79 30 94 44 0
12 33 83 41 569278
55 35 98 49 0
74 34 88 38 0
79 20 95 21 474680
41 3 57 7 0
22 37 22 43 2801
39 13 83 21 96124311
39 12 90 47 163355330
24 44 100 46 517
1 50 28 50 4213
5 45 58 47 3120
34 41 69 50 0
92 33 100 40 0
72 11 84 30 83849732
22 49 88 49 2527
94 50 98 50 0
12 47 46 48 1030
96 13 97 42 1401557
57 49 65 50 0
46 29 56 50 0
69 29 100 44 0
64 5 82 31 106088641
23 23 85 26 356792
64 6 75 21 51600250
52 3 54 5 0
62 21 76 40 1510711
16 20 73 29 11471680
71 6 77 34 47397781
100 13 100 29 0
66 2 82 27 101313825
86 45 89 45 0
69 9 85 13 50299890
18 28 46 29 18400
84 13 94 26 79117826
81 10 89 38 74145326
1 12 38 32 75354
52 31 95 49 0
66 39 68 41 0
24 25 63 47 188026
17 40 96 47 102427
69 8 92 43 193332575
39 38 65 45 0
34 33 98 34 3571
16 16 80 50 47514713
54 27 86 34 0
84 1 94 19 111358414
49 29 100 50 0
84 34 96 46 0
19 45 41 45 0
89 38 92 40 0
43 34 61 38 0
72 6 78 13 22424498
29 46 42 50 0
3 11 87 16 122307824
20 34 92 34 19946
30 36 59 38 0
24 18 57 25 12086098
67 44 90 44 0
49 33 86 43 0
57 41 87 41 0
30 42 51 48 0
61 24 78 45 0
58 12 87 37 105274281
43 22 48 44 2990698
45 47 70 47 0
22 37 94 49 117050
72 10 91 18 135779249
95 32 98 49 0
96 4 97 43 1401557
5 36 9 42 9952
22 25 58 40 574102
31 41 83 43 0
30 46 65 48 0
52 39 63 43 0
11 25 80 46 671036
70 41 72 41 0
8 50 36 50 4213
67 26 83 45 0
65 9 86 50 126831296
59 42 68 49 0
78 43 98 46 0
7 1 96 36 308129114
58 2 75 41 58613485
2 11 92 16 163846887
81 18 91 50 8315894
96 35 99 49 0
87 42 100 48 0
85 32 99 33 0
17 30 19 50 4064
30 21 99 21 3901497
10 18 84 47 31229102
31 6 81 12 75863924
76 45 96 46 0
54 9 83 35 123011362
82 31 88 40 0
86 38 86 38 0
73 32 81 32 0
4 27 25 32 21762
95 5 100 31 8661232
54 36 89 48 0
68 34 100 46 0
94 29 100 44 0
33 22 50 26 3107195
38 30 64 49 5340
31 24 76 50 71664
7 24 42 45 697437
84 7 86 43 34342387
37 50 79 50 0
38 1 73 20 99051661
20 27 67 31 34713
22 11 62 15 42940823
26 3 88 48 241630985
9 38 65 48 125146
57 5 97 41 253827286
90 34 98 36 0
9 1 40 49 2047880
6 33 31 37 476148
96 19 100 38 886588
77 2 91 43 147196652
28 20 89 39 14023043
75 39 89 45 0
64 36 68 45 0
28 38 77 41 2219
98 37 99 43 0
95 4 97 38 8515369
38 22 68 26 4319104
19 11 22 16 0
49 16 53 29 2907216
96 26 98 38 0
43 3 50 44 25749540
31 46 93 46 0
81 13 82 48 10692646
41 11 95 28 244991793
2 3 73 49 108638489
84 9 85 25 17706210
58 8 79 23 82588568
21 23 60 26 278597
10 20 52 43 9488509
14 30 32 31 1984
88 18 91 29 3563217
77 14 78 22 7019491
49 2 82 40 153138971
55 18 77 18 1859206
13 27 61 38 541463
78 19 98 24 4128946
44 22 79 50 4677457
58 12 78 27 40879480
81 43 89 46 0
19 6 43 33 85105
13 41 62 50 13706
20 38 90 40 106314
79 47 90 47 0
37 11 68 16 51953735
3 46 74 49 5217
82 50 90 50 0
54 7 83 25 136075736
6 26 31 42 619760
3 50 40 50 4213
52 39 97 50 0
9 31 74 40 648700
21 19 41 50 619437
26 12 75 37 63682167
23 12 46 38 657719
45 7 46 49 536457
30 50 83 50 0
88 38 98 43 0
79 23 92 44 0
37 32 45 43 0
12 45 54 46 0
1 42 79 43 8657
37 14 85 31 99752083
44 49 74 50 0
45 46 65 48 0
82 30 86 46 0
12 9 48 12 0
13 22 96 44 5330141
6 15 53 30 13823887
28 6 40 34 71664
27 20 41 49 76267
65 48 95 48 0
96 25 98 42 0
63 38 100 39 0
56 33 86 49 0
83 1 86 12 27884977
16 35 19 48 1724
91 49 100 50 0
61 43 98 45 0
38 39 60 40 0
30 36 38 50 0
25 16 58 26 15759075
6 21 45 21 0
57 44 87 49 0
26 30 59 31 16313
22 4 84 8 16186833
52 47 93 47 0
81 37 94 40 0
32 39 87 41 0
86 33 97 49 0
55 29 91 46 0
94 43 95 48 0
99 8 99 15 0
69 1 84 2 0
92 32 97 47 0
60 41 74 49 0
61 17 64 20 295560
12 33 51 46 573886
22 7 65 38 71405865
49 19 87 40 12774081
11 43 19 48 2561
76 28 83 44 0
88 35 96 46 0
33 35 41 39 0
7 48 54 49 3320
61 26 87 36 0
44 27 94 49 0
8 33 30 41 591288
71 3 78 20 52861990
47 4 75 23 117723379
52 34 53 49 0
27 42 84 43 794
50 29 51 32 0
75 2 96 15 103467366
37 37 86 43 0
18 22 65 42 4847648
51 22 59 38 1026687
82 39 90 47 0
17 22 85 42 5319493
90 18 93 49 3061941
43 22 70 35 4373961
8 22 92 32 4762274
71 26 75 50 0
19 23 41 24 0
38 33 85 47 0
97 35 100 43 0
59 9 73 33 33797779
85 1 100 45 111923969
33 16 92 34 92253394
2 6 99 38 305602420
81 28 99 31 0
14 36 17 42 2724
33 6 36 39 45782
8 24 17 25 0
33 19 66 41 11827282
70 7 94 43 214567068
85 40 89 40 0
31 19 31 34 662
57 9 81 27 97467884
41 30 98 47 0
91 15 95 26 44369024
3 5 81 41 165008680
20 20 68 43 11073348
44 20 83 20 5410956
3 9 11 14 0
22 18 86 44 31224966
95 20 95 29 709
83 4 89 46 76954144
9 30 81 32 63276
91 22 96 39 0
3 9 16 32 8170
43 29 69 39 0
86 16 100 49 51824862
7 6 68 21 69037710
80 35 91 49 0
76 20 97 29 1016743
26 49 37 50 0
14 26 66 45 650301
75 20 77 27 1056407
19 22 67 45 4936326
82 39 98 43 0
85 33 87 39 0
68 18 83 29 15979289
80 5 92 48 138735915
51 27 64 46 0
9 38 70 40 112963
91 30 99 30 0
32 15 94 18 118220592
52 29 83 39 0
14 50 80 50 4213
98 17 100 47 145863
51 27 64 44 0
59 24 60 41 0
21 49 30 49 2527
72 19 95 27 9138262
54 44 65 45 0
96 40 96 47 0
77 25 100 46 0
63 24 64 31 0
21 28 70 47 616910
79 20 99 25 605333
64 8 92 45 200458965
66 49 97 49 0
32 36 98 45 0
45 30 55 39 0
14 10 94 31 257234154
58 47 69 49 0
62 33 74 39 0
22 29 34 36 391860
43 13 60 37 33157790
68 37 86 42 0
97 45 97 47 0
12 37 66 39 15470
21 5 42 49 619437
31 12 43 16 0
38 35 68 40 0
65 9 77 16 33586569
19 27 28 47 568271
90 43 99 46 0
46 30 62 40 0
4 43 76 43 5762
2 42 90 47 12294
32 32 37 38 36289
85 34 99 50 0
96 25 96 48 0
78 3 79 24 15924526
41 11 75 28 88039055
24 24 56 50 188026
38 33 40 33 0
5 2 46 42 2541582
22 45 42 50 3557
35 48 46 50 0
74 27 77 43 0
6 36 64 45 416701
4 27 77 34 123703
71 8 77 49 46635614
29 37 93 48 961
50 7 62 29 42673948
72 13 91 47 108125689
96 3 100 8 0
79 42 86 48 0
61 23 71 33 49019
73 17 87 32 36794747
7 43 31 45 7502
42 9 69 43 73893347
85 46 98 46 0
11 12 62 14 18485529
20 40 77 48 101691
32 17 49 45 9360329
93 36 99 44 0
93 17 98 22 14550683
60 15 82 44 47474716
28 11 96 17 207067256
50 30 74 39 0
6 20 64 46 10804409
63 10 87 45 130057113
17 13 86 31 116635596
32 30 53 36 52602
66 45 71 50 0
14 29 30 39 475546
64 49 91 50 0
69 22 91 25 358353
87 32 96 46 0
1 1 10 32 6731
13 1 73 13 67613425
60 44 69 48 0
88 32 96 37 0
45 49 49 50 0
13 44 96 47 1547
74 43 74 47 0
18 2 44 16 0
83 15 95 16 52558807
21 49 66 50 2527
39 35 45 46 0
66 4 82 18 92398779
90 25 91 28 0
28 4 91 48 269218315
89 27 95 27 0
64 50 84 50 0
31 3 70 37 81291722
24 32 44 39 54421
47 24 81 42 0
21 29 66 39 515219
55 47 58 50 0
85 3 93 21 96028404
34 25 69 35 71002
80 28 84 44 0
94 23 94 47 0
27 12 56 35 31339371
15 8 39 8 0
60 20 89 25 4124067
89 8 96 8 0
63 43 92 46 0
29 10 31 32 0
79 28 93 44 0
81 36 82 47 0
9 49 88 50 7533
55 35 58 45 0
88 40 89 45 0
69 48 98 50 0
2 10 27 12 0
31 5 64 6 0
45 33 65 46 0
2 43 11 44 3201
7 44 77 45 1740
6 4 68 4 0
48 17 91 37 52754970
33 19 45 43 72416
47 6 95 24 302944693
14 41 88 45 4302
41 17 81 20 32508610
10 50 39 50 4213
20 43 80 50 4074
14 26 55 39 547210
85 22 90 34 0
75 33 91 50 0
34 32 86 50 36289
87 38 100 41 0
8 38 51 50 136446
14 24 83 26 0
85 31 99 34 0
86 48 94 48 0
90 41 90 50 0
13 10 70 24 74593818
54 8 76 22 70270432
7 29 76 33 93193
1 14 21 30 8702
16 22 92 37 5210545
37 39 61 41 0
14 5 55 45 53043040
44 22 63 30 4163632
32 21 74 37 8062823
64 24 85 31 0
12 37 55 40 114259
